     205.00    210.00    1.9849    1.4043
     210.00    215.00    1.9909    1.4067
     215.00    220.00    1.9953    1.4085
     220.00    225.00    1.9983    1.4098
     225.00    230.00    2.0001    1.4107
     230.00    235.00    2.0013    1.4113
     235.00    240.00    2.0028    1.4121
     240.00    245.00    2.0055    1.4133
     245.00    250.00    2.0075    1.4142
     250.00    255.00    2.0063    1.4140
     255.00    260.00    2.0030    1.4131
     260.00    265.00    2.0014    1.4127
     265.00    270.00    2.0026    1.4133
     270.00    275.00    2.0062    1.4148
     275.00    280.00    2.0095    1.4162
     280.00    285.00    2.0096    1.4164
     285.00    290.00    2.0081    1.4161
     290.00    295.00    2.0098    1.4168
     295.00    300.00    2.0139    1.4185
     300.00    305.00    2.0159    1.4194
     305.00    310.00    2.0151    1.4192
     310.00    315.00    2.0136    1.4189
     315.00    320.00    2.0126    1.4187
     320.00    325.00    2.0120    1.4187
     325.00    330.00    2.0103    1.4183
     330.00    335.00    2.0050    1.4165
     335.00    340.00    1.9958    1.4135
     340.00    345.00    1.9833    1.4093
     345.00    350.00    1.9613    1.4016
     350.00    355.00    1.9612    1.4017
     355.00    360.00    1.9702    1.4050
     360.00    365.00    1.9812    1.4091
     365.00    370.00    1.9881    1.4117
     370.00    375.00    1.9947    1.4143
     375.00    380.00    2.0037    1.4176
     380.00    385.00    2.0128    1.4210
     385.00    390.00    2.0209    1.4240
     390.00    395.00    2.0279    1.4266
     395.00    400.00    2.0344    1.4290
     400.00    405.00    2.0414    1.4316
     405.00    410.00    2.0487    1.4343
     410.00    415.00    2.0551    1.4367
     415.00    420.00    2.0611    1.4390
     420.00    425.00    2.0682    1.4416
     425.00    430.00    2.0755    1.4443
     430.00    435.00    2.0808    1.4463
     435.00    440.00    2.0851    1.4479
     440.00    445.00    2.0922    1.4505
     445.00    450.00    2.1016    1.4539
     450.00    455.00    2.1092    1.4567
     455.00    460.00    2.1132    1.4582
     460.00    465.00    2.1143    1.4587
     465.00    470.00    2.1141    1.4588
     470.00    475.00    2.1152    1.4593
     475.00    480.00    2.1188    1.4607
     480.00    485.00    2.1251    1.4630
     485.00    490.00    2.1321    1.4655
     490.00    495.00    2.1369    1.4673
     495.00    500.00    2.1394    1.4683
     500.00    505.00    2.1428    1.4695
     505.00    510.00    2.1483    1.4716
     510.00    515.00    2.1552    1.4741
     515.00    520.00    2.1623    1.4767
     520.00    525.00    2.1682    1.4788
     525.00    530.00    2.1717    1.4802
     530.00    535.00    2.1733    1.4808
     535.00    540.00    2.1741    1.4812
     540.00    545.00    2.1754    1.4818
     545.00    550.00    2.1777    1.4827
     550.00    555.00    2.1813    1.4841
     555.00    560.00    2.1859    1.4857
     560.00    565.00    2.1912    1.4876
     565.00    570.00    2.1962    1.4895
     570.00    575.00    2.2000    1.4909
     575.00    580.00    2.2026    1.4919
     580.00    585.00    2.2056    1.4930
     585.00    590.00    2.2094    1.4945
     590.00    595.00    2.2137    1.4961
     595.00    600.00    2.2183    1.4978
     600.00    605.00    2.2235    1.4996
     605.00    610.00    2.2289    1.5016
     610.00    615.00    2.2330    1.5031
     615.00    620.00    2.2359    1.5042
     620.00    625.00    2.2389    1.5053
     625.00    630.00    2.2426    1.5067
     630.00    635.00    2.2466    1.5081
     635.00    640.00    2.2508    1.5097
     640.00    645.00    2.2556    1.5114
     645.00    650.00    2.2602    1.5131
     650.00    655.00    2.2637    1.5144
     655.00    660.00    2.2661    1.5153
     660.00    665.00    2.2703    1.5168
     665.00    670.00    2.2760    1.5188
     670.00    675.00    2.2805    1.5205
     675.00    680.00    2.2836    1.5216
     680.00    685.00    2.2864    1.5226
     685.00    690.00    2.2899    1.5240
     690.00    695.00    2.2952    1.5258
     695.00    700.00    2.3013    1.5280
     700.00    705.00    2.3067    1.5299
     705.00    710.00    2.3108    1.5314
     710.00    715.00    2.3144    1.5327
     715.00    720.00    2.3184    1.5342
     720.00    725.00    2.3236    1.5360
     725.00    730.00    2.3295    1.5381
     730.00    735.00    2.3344    1.5398
     735.00    740.00    2.3381    1.5411
     740.00    745.00    2.3432    1.5429
     745.00    750.00    2.3494    1.5451
     750.00    755.00    2.3546    1.5469
     755.00    760.00    2.3585    1.5483
     760.00    765.00    2.3631    1.5500
     765.00    770.00    2.3689    1.5520
     770.00    775.00    2.3743    1.5539
     775.00    780.00    2.3795    1.5557
     780.00    785.00    2.3854    1.5577
     785.00    790.00    2.3921    1.5600
     790.00    795.00    2.3980    1.5621
     795.00    800.00    2.4029    1.5638
     800.00    805.00    2.4080    1.5656
     805.00    810.00    2.4138    1.5676
     810.00    815.00    2.4205    1.5699
     815.00    820.00    2.4265    1.5719
     820.00    825.00    2.4292    1.5729
     825.00    830.00    2.4316    1.5738
     830.00    835.00    2.4416    1.5772
     835.00    840.00    2.4559    1.5819
     840.00    845.00    2.4624    1.5841
     845.00    850.00    2.4617    1.5840
     850.00    855.00    2.4657    1.5854
     855.00    860.00    2.4768    1.5891
     860.00    865.00    2.4875    1.5927
     865.00    870.00    2.4953    1.5953
     870.00    875.00    2.5023    1.5976
     875.00    880.00    2.5089    1.5999
     880.00    885.00    2.5138    1.6015
     885.00    890.00    2.5191    1.6033
     890.00    895.00    2.5300    1.6069
     895.00    900.00    2.5440    1.6115
     900.00    905.00    2.5515    1.6140
     905.00    910.00    2.5533    1.6146
     910.00    915.00    2.5586    1.6164
     915.00    920.00    2.5694    1.6200
     920.00    925.00    2.5803    1.6235
     925.00    930.00    2.5891    1.6264
     930.00    935.00    2.5971    1.6290
     935.00    940.00    2.6045    1.6315
     940.00    945.00    2.6102    1.6334
     945.00    950.00    2.6160    1.6353
     950.00    955.00    2.6255    1.6384
     955.00    960.00    2.6384    1.6425
     960.00    965.00    2.6510    1.6465
     965.00    970.00    2.6615    1.6500
     970.00    975.00    2.6717    1.6532
     975.00    980.00    2.6814    1.6563
     980.00    985.00    2.6899    1.6591
     985.00    990.00    2.6978    1.6616
     990.00    995.00    2.7056    1.6642
     995.00   1000.00    2.7142    1.6669
    1000.00   1005.00    2.7232    1.6698
    1005.00   1010.00    2.7325    1.6727
    1010.00   1015.00    2.7420    1.6758
    1015.00   1020.00    2.7519    1.6789
    1020.00   1025.00    2.7620    1.6821
    1025.00   1030.00    2.7724    1.6854
    1030.00   1035.00    2.7830    1.6887
    1035.00   1040.00    2.7939    1.6921
    1040.00   1045.00    2.8051    1.6956
    1045.00   1050.00    2.8165    1.6992
    1050.00   1055.00    2.8281    1.7028
    1055.00   1060.00    2.8400    1.7065
    1060.00   1065.00    2.8522    1.7103
    1065.00   1070.00    2.8645    1.7141
    1070.00   1075.00    2.8772    1.7180
    1075.00   1080.00    2.8900    1.7219
    1080.00   1085.00    2.9030    1.7259
    1085.00   1090.00    2.9163    1.7300
    1090.00   1095.00    2.9297    1.7341
    1095.00   1100.00    2.9435    1.7382
    1100.00   1105.00    2.9574    1.7424
    1105.00   1110.00    2.9713    1.7467
    1110.00   1115.00    2.9856    1.7510
    1115.00   1120.00    3.0001    1.7553
    1120.00   1125.00    3.0146    1.7597
    1125.00   1130.00    3.0294    1.7641
    1130.00   1135.00    3.0445    1.7687
    1135.00   1140.00    3.0597    1.7732
    1140.00   1145.00    3.0749    1.7777
    1145.00   1150.00    3.0906    1.7823
    1150.00   1155.00    3.1062    1.7869
    1155.00   1160.00    3.1220    1.7916
    1160.00   1165.00    3.1380    1.7963
    1165.00   1170.00    3.1540    1.8010
    1170.00   1175.00    3.1704    1.8058
    1175.00   1180.00    3.1868    1.8106
    1180.00   1185.00    3.2033    1.8154
    1185.00   1190.00    3.2201    1.8202
    1190.00   1195.00    3.2368    1.8251
    1195.00   1200.00    3.2538    1.8300
    1200.00   1205.00    3.2709    1.8349
    1205.00   1210.00    3.2882    1.8399
    1210.00   1215.00    3.3055    1.8448
    1215.00   1220.00    3.3229    1.8498
    1220.00   1225.00    3.3406    1.8548
    1225.00   1230.00    3.3584    1.8599
    1230.00   1235.00    3.3765    1.8650
    1235.00   1240.00    3.3947    1.8701
    1240.00   1245.00    3.4129    1.8753
    1245.00   1250.00    3.4316    1.8805
    1250.00   1255.00    3.4503    1.8858
    1255.00   1260.00    3.4691    1.8910
    1260.00   1265.00    3.4882    1.8963
    1265.00   1270.00    3.5073    1.9017
    1270.00   1275.00    3.5269    1.9071
    1275.00   1280.00    3.5468    1.9126
    1280.00   1285.00    3.5666    1.9180
    1285.00   1290.00    3.5868    1.9236
    1290.00   1295.00    3.6069    1.9292
    1295.00   1300.00    3.6276    1.9348
    1300.00   1305.00    3.6483    1.9404
    1305.00   1310.00    3.6697    1.9462
    1310.00   1315.00    3.6909    1.9520
    1315.00   1320.00    3.7123    1.9577
    1320.00   1325.00    3.7341    1.9636
    1325.00   1330.00    3.7561    1.9695
    1330.00   1335.00    3.7782    1.9754
    1335.00   1340.00    3.8008    1.9814
    1340.00   1345.00    3.8235    1.9875
    1345.00   1350.00    3.8465    1.9936
    1350.00   1355.00    3.8697    1.9997
    1355.00   1360.00    3.8930    2.0058
    1360.00   1365.00    3.9168    2.0121
    1365.00   1370.00    3.9407    2.0183
    1370.00   1375.00    3.9649    2.0247
    1375.00   1380.00    3.9893    2.0310
    1380.00   1385.00    4.0140    2.0374
    1385.00   1390.00    4.0390    2.0439
    1390.00   1395.00    4.0640    2.0503
    1395.00   1400.00    4.0895    2.0569
    1400.00   1405.00    4.1152    2.0635
    1405.00   1410.00    4.1413    2.0701
    1410.00   1415.00    4.1675    2.0768
    1415.00   1420.00    4.1941    2.0835
    1420.00   1425.00    4.2207    2.0903
    1425.00   1430.00    4.2475    2.0970
    1430.00   1435.00    4.2752    2.1040
    1435.00   1440.00    4.3027    2.1109
    1440.00   1445.00    4.3306    2.1179
    1445.00   1450.00    4.3589    2.1249
    1450.00   1455.00    4.3871    2.1319
    1455.00   1460.00    4.4162    2.1391
    1460.00   1465.00    4.4449    2.1461
    1465.00   1470.00    4.4745    2.1534
    1470.00   1475.00    4.5042    2.1607
    1475.00   1480.00    4.5343    2.1680
    1480.00   1485.00    4.5647    2.1754
    1485.00   1490.00    4.5954    2.1829
    1490.00   1495.00    4.6265    2.1904
    1495.00   1500.00    4.6578    2.1979
    1500.00   1505.00    4.6895    2.2055
    1505.00   1510.00    4.7215    2.2132
    1510.00   1515.00    4.7539    2.2209
    1515.00   1520.00    4.7865    2.2286
    1520.00   1525.00    4.8196    2.2364
    1525.00   1530.00    4.8531    2.2443
    1530.00   1535.00    4.8867    2.2522
    1535.00   1540.00    4.9207    2.2602
    1540.00   1545.00    4.9551    2.2682
    1545.00   1550.00    4.9899    2.2763
    1550.00   1555.00    5.0249    2.2844
    1555.00   1560.00    5.0603    2.2926
    1560.00   1565.00    5.0961    2.3008
    1565.00   1570.00    5.1322    2.3091
    1570.00   1575.00    5.1685    2.3174
    1575.00   1580.00    5.2053    2.3257
    1580.00   1585.00    5.2424    2.3342
    1585.00   1590.00    5.2798    2.3426
    1590.00   1595.00    5.3175    2.3511
    1595.00   1600.00    5.3556    2.3596
    1600.00   1605.00    5.3940    2.3682
    1605.00   1610.00    5.4328    2.3769
    1610.00   1615.00    5.4720    2.3856
    1615.00   1620.00    5.5114    2.3943
    1620.00   1625.00    5.5513    2.4030
    1625.00   1630.00    5.5915    2.4119
    1630.00   1635.00    5.6320    2.4208
    1635.00   1640.00    5.6732    2.4297
    1640.00   1645.00    5.7144    2.4387
    1645.00   1650.00    5.7563    2.4477
    1650.00   1655.00    5.7984    2.4568
    1655.00   1660.00    5.8411    2.4660
    1660.00   1665.00    5.8842    2.4752
    1665.00   1670.00    5.9274    2.4845
    1670.00   1675.00    5.9716    2.4938
    1675.00   1680.00    6.0160    2.5032
    1680.00   1685.00    6.0608    2.5126
    1685.00   1690.00    6.1062    2.5221
    1690.00   1695.00    6.1517    2.5317
    1695.00   1700.00    6.1981    2.5414
    1700.00   1705.00    6.2446    2.5511
    1705.00   1710.00    6.2918    2.5608
    1710.00   1715.00    6.3397    2.5707
    1715.00   1720.00    6.3874    2.5805
    1720.00   1725.00    6.4360    2.5904
    1725.00   1730.00    6.4853    2.6005
    1730.00   1735.00    6.5348    2.6105
    1735.00   1740.00    6.5848    2.6207
    1740.00   1745.00    6.6357    2.6309
    1745.00   1750.00    6.6867    2.6411
    1750.00   1755.00    6.7383    2.6515
    1755.00   1760.00    6.7901    2.6618
    1760.00   1765.00    6.8429    2.6723
    1765.00   1770.00    6.8960    2.6828
    1770.00   1775.00    6.9492    2.6933
    1775.00   1780.00    7.0036    2.7039
    1780.00   1785.00    7.0578    2.7146
    1785.00   1790.00    7.1129    2.7253
    1790.00   1795.00    7.1687    2.7361
    1795.00   1800.00    7.2251    2.7470
    1800.00   1805.00    7.2814    2.7578
    1805.00   1810.00    7.3392    2.7688
    1810.00   1815.00    7.3966    2.7798
    1815.00   1820.00    7.4553    2.7909
    1820.00   1825.00    7.5134    2.8019
    1825.00   1830.00    7.5726    2.8131
    1830.00   1835.00    7.6327    2.8244
    1835.00   1840.00    7.6930    2.8358
    1840.00   1845.00    7.7535    2.8471
    1845.00   1850.00    7.8153    2.8585
    1850.00   1855.00    7.8767    2.8700
    1855.00   1860.00    7.9394    2.8814
    1860.00   1865.00    8.0025    2.8930
    1865.00   1870.00    8.0659    2.9046
    1870.00   1875.00    8.1294    2.9162
    1875.00   1880.00    8.1936    2.9279
    1880.00   1885.00    8.2591    2.9397
    1885.00   1890.00    8.3243    2.9514
    1890.00   1895.00    8.3906    2.9633
    1895.00   1900.00    8.4567    2.9751
    1900.00   1905.00    8.5237    2.9870
    1905.00   1910.00    8.5911    2.9990
    1910.00   1915.00    8.6592    3.0110
    1915.00   1920.00    8.7277    3.0231
    1920.00   1925.00    8.7968    3.0352
    1925.00   1930.00    8.8663    3.0473
    1930.00   1935.00    8.9363    3.0595
    1935.00   1940.00    9.0068    3.0717
    1940.00   1945.00    9.0778    3.0839
    1945.00   1950.00    9.1494    3.0962
    1950.00   1955.00    9.2215    3.1086
    1955.00   1960.00    9.2941    3.1209
    1960.00   1965.00    9.3670    3.1333
    1965.00   1970.00    9.4406    3.1458
    1970.00   1975.00    9.5147    3.1583
    1975.00   1980.00    9.5892    3.1708
    1980.00   1985.00    9.6642    3.1833
    1985.00   1990.00    9.7397    3.1959
    1990.00   1995.00    9.8157    3.2085
    1995.00   2000.00    9.8157    3.2085
